4 0.587439 0.001794 0.825121 0.003588
0 0.510261 0.031258 0.438921 0.008701
1 0.503382 0.006606 0.915353 0.003770
4 0.462742 0.019004 0.313874 0.010296
2 0.378345 0.065046 0.692784 0.058005
2 0.857826 0.052584 0.239600 0.035126
4 0.846758 0.081383 0.213032 0.020551
4 0.844071 0.115042 0.230711 0.022845
4 0.856545 0.137093 0.228511 0.020864
3 0.855700 0.179758 0.223379 0.061896
2 0.375839 0.162329 0.726311 0.121387
2 0.378508 0.248622 0.699605 0.050372
4 0.850255 0.243874 0.233205 0.025186
3 0.829579 0.303115 0.308989 0.016782
2 0.341647 0.295518 0.655137 0.029255
2 0.468992 0.348629 0.937984 0.063911
3 0.374826 0.388142 0.701284 0.013801
4 0.849437 0.392249 0.213926 0.019387
2 0.500208 0.443263 0.932216 0.064239
3 0.386161 0.486391 0.681458 0.021030
4 0.858645 0.486144 0.215342 0.022180
2 0.501626 0.534200 0.906716 0.072618
2 0.487458 0.606573 0.932221 0.063254
3 0.375534 0.647072 0.699868 0.016101
4 0.852234 0.650259 0.219753 0.021859
4 0.492542 0.702999 0.975021 0.080703
2 0.488161 0.781089 0.911195 0.062994
3 0.379895 0.821730 0.704674 0.016837
4 0.849884 0.824633 0.195253 0.020031
2 0.505058 0.867670 0.947484 0.062559
3 0.379268 0.909400 0.705926 0.017999
4 0.853013 0.910271 0.191500 0.019160
4 0.844876 0.935236 0.182742 0.018289
2 0.385526 0.957734 0.685895 0.069671
3 0.256608 0.997432 0.445584 0.005080
