1 0.500761 0.002697 0.998477 0.005208
3 0.500761 0.008521 0.998477 0.006168
0 0.089860 0.019555 0.080140 0.010417
1 0.547011 0.019487 0.828702 0.006990
2 0.501849 0.064266 0.996021 0.070826
1 0.500632 0.108945 0.991144 0.012294
2 0.507407 0.158302 0.985186 0.067339
3 0.501242 0.240688 0.982611 0.065505
2 0.504968 0.311696 0.990063 0.070642
4 0.500000 0.388944 1.000000 0.060733
4 0.503751 0.445365 0.992498 0.037799
2 0.505509 0.505732 0.988702 0.070458
4 0.496972 0.572338 0.993579 0.037798
1 0.500021 0.644448 0.999677 0.098348
1 0.496365 0.705548 0.989923 0.012110
3 0.505509 0.743621 0.986260 0.059634
3 0.501853 0.808392 0.981389 0.039082
3 0.504288 0.859034 0.978947 0.061468
1 0.498986 0.956521 0.930968 0.068572
