0 0.361355 0.056491 0.375311 0.046456
1 0.059692 0.066318 0.106216 0.101848
2 0.366521 0.092413 0.377695 0.020969
1 0.365516 0.121236 0.156568 0.022689
3 0.789211 0.096544 0.392484 0.140587
1 0.934700 0.010990 0.130600 0.016461
2 0.557982 0.221471 0.799289 0.104646
2 0.574139 0.394294 0.801447 0.194794
0 0.573805 0.517169 0.431242 0.011744
1 0.487434 0.524898 0.005637 0.001169
1 0.564058 0.531479 0.120779 0.014161
2 0.557334 0.612011 0.788521 0.137262
1 0.567137 0.733417 0.769126 0.082448
4 0.560137 0.863206 0.778821 0.147227
