0 0.507963 0.004665 0.774442 0.008277
0 0.175542 0.015417 0.112611 0.008753
1 0.538468 0.016178 0.414947 0.006469
1 0.504195 0.109404 0.395368 0.008619
0 0.819387 0.015988 0.122405 0.008373
0 0.509971 0.028172 0.799784 0.008882
1 0.306782 0.943733 0.392721 0.052027
3 0.501087 0.985778 0.796353 0.025695
3 0.611926 0.937721 0.193611 0.038329
2 0.512724 0.347054 0.951079 0.461447
4 0.206982 0.067150 0.202058 0.061510
3 0.504397 0.739141 0.771700 0.024156
2 0.497082 0.800407 0.832047 0.090399
3 0.494337 0.851720 0.749758 0.010519
4 0.503937 0.881428 0.650095 0.027290
4 0.502568 0.605959 0.490084 0.021605
3 0.395589 0.582506 0.539463 0.007107
2 0.503947 0.674898 0.763474 0.101489
