1 0.507849 0.001465 0.864218 0.002596
0 0.504663 0.005309 0.857846 0.004492
1 0.501474 0.010700 0.856926 0.004493
3 0.502386 0.017339 0.855102 0.008187
2 0.503751 0.040302 0.852372 0.036540
2 0.509558 0.123699 0.858653 0.123359
3 0.512832 0.194002 0.882688 0.016767
2 0.517814 0.296659 0.900877 0.186308
3 0.506446 0.406647 0.892737 0.030954
2 0.503993 0.440643 0.891102 0.034175
3 0.508021 0.474750 0.895607 0.029571
2 0.506968 0.509173 0.887186 0.036272
3 0.508551 0.542730 0.884021 0.028764
2 0.505386 0.576807 0.884021 0.035232
3 0.504337 0.609151 0.877698 0.025760
2 0.509077 0.642535 0.897719 0.036849
3 0.503807 0.675052 0.889284 0.025413
2 0.503807 0.709071 0.868218 0.036156
2 0.505912 0.746961 0.870323 0.035694
2 0.507495 0.784330 0.877698 0.034655
2 0.502228 0.822045 0.884021 0.035694
2 0.500646 0.860107 0.876646 0.036965
2 0.508021 0.898170 0.887186 0.036618
2 0.504863 0.935250 0.878751 0.034770
2 0.502754 0.972273 0.885074 0.035116
1 0.316702 0.992158 0.633404 0.003365
3 0.391867 0.995265 0.783733 0.002330
