4 0.505768 0.012205 0.637295 0.021935
0 0.499368 0.026461 0.988400 0.003897
1 0.411758 0.955556 0.644053 0.002633
3 0.505392 0.968406 0.834479 0.021380
4 0.505808 0.112071 0.642016 0.024395
4 0.505208 0.228929 0.643216 0.024252
4 0.504318 0.382297 0.641395 0.024634
4 0.505103 0.512035 0.646384 0.024534
4 0.503516 0.645981 0.641095 0.024816
4 0.506695 0.736571 0.638968 0.022137
2 0.505053 0.827864 0.849474 0.151434
2 0.498232 0.062930 0.885158 0.066630
2 0.501771 0.171086 0.846921 0.085128
2 0.506737 0.305215 0.875368 0.120462
2 0.490889 0.691055 0.910642 0.059778
2 0.503668 0.579915 0.864316 0.102915
2 0.501476 0.446887 0.877479 0.101160
