3 0.520245 0.947719 0.344353 0.012556
2 0.500008 0.924188 0.453521 0.032077
2 0.520537 0.788005 0.800653 0.131809
3 0.520537 0.859158 0.587895 0.008164
2 0.500005 0.647447 0.811853 0.127143
2 0.471803 0.535445 0.664247 0.073969
2 0.504642 0.431075 0.777021 0.121604
2 0.655213 0.303275 0.485795 0.105337
2 0.254929 0.300179 0.265205 0.109207
2 0.497826 0.217882 0.780737 0.053831
0 0.118421 0.006038 0.102516 0.011934
1 0.348076 0.006822 0.352774 0.009109
0 0.847092 0.007608 0.229153 0.012564
3 0.513579 0.021271 0.569347 0.016148
2 0.532495 0.118014 0.880316 0.145617
3 0.494947 0.980962 0.989895 0.038076
