0 0.055126 0.033971 0.084222 0.004188
1 0.543685 0.034046 0.883838 0.004038
1 0.505649 0.041523 0.849428 0.003440
4 0.499260 0.015325 0.998521 0.030629
2 0.509958 0.098704 0.484927 0.106100
3 0.133538 0.099304 0.243671 0.107301
3 0.871835 0.099504 0.231556 0.107301
4 0.871835 0.176977 0.236399 0.034033
4 0.502080 0.266863 0.983182 0.019619
3 0.132934 0.207306 0.242463 0.095891
3 0.870621 0.223321 0.246099 0.056654
2 0.498444 0.207006 0.476441 0.094490
2 0.351755 0.315308 0.680105 0.074470
3 0.845771 0.316409 0.298227 0.073470
4 0.828800 0.384474 0.264285 0.053050
3 0.173545 0.393082 0.323685 0.068664
3 0.505112 0.392280 0.329749 0.065061
3 0.177784 0.457442 0.320049 0.056454
3 0.500262 0.457442 0.315206 0.057254
3 0.819707 0.457142 0.313985 0.056253
4 0.508140 0.495979 0.980761 0.018618
3 0.178395 0.530411 0.323685 0.043441
3 0.503897 0.531111 0.320049 0.042841
3 0.830618 0.530912 0.321263 0.042841
2 0.504505 0.589067 0.980761 0.065863
4 0.799700 0.639715 0.254585 0.033832
3 0.329934 0.639915 0.636462 0.033031
2 0.308716 0.701873 0.579484 0.066463
3 0.798489 0.703675 0.390363 0.059256
1 0.500262 0.795262 0.965003 0.085080
3 0.505719 0.856620 0.978332 0.030029
