0 0.502804 0.028578 0.529110 0.017893
2 0.518841 0.070090 0.712767 0.057975
2 0.513738 0.129853 0.720051 0.050101
1 0.519567 0.183891 0.743375 0.049385
2 0.504202 0.310947 0.726877 0.116682
2 0.517676 0.232529 0.715707 0.036584
2 0.507034 0.420584 0.717140 0.094120
2 0.504122 0.529197 0.740454 0.115232
2 0.515503 0.652548 0.752177 0.124632
2 0.520297 0.775874 0.718600 0.112370
1 0.518111 0.948723 0.720051 0.037933
0 0.529043 0.867845 0.826456 0.006441
2 0.539246 0.849057 0.730262 0.026840
2 0.529773 0.895579 0.725885 0.044733
3 0.522484 0.984510 0.734630 0.026482
