0 0.501531 0.006784 0.992706 0.012251
1 0.496491 0.030488 0.692879 0.027699
2 0.504728 0.092915 0.968895 0.083626
2 0.511580 0.161331 0.887289 0.050596
2 0.511578 0.270478 0.945993 0.157516
2 0.497559 0.391148 0.913919 0.072315
2 0.502952 0.497832 0.983881 0.090804
3 0.500765 0.578878 0.580126 0.042115
3 0.497278 0.701376 0.961147 0.169122
1 0.510445 0.822030 0.708324 0.052057
1 0.509218 0.935480 0.905169 0.032665
2 0.510768 0.885252 0.955056 0.056747
1 0.499010 0.968418 0.910819 0.023970
3 0.501529 0.990346 0.862945 0.019177
