0 0.095824 0.010320 0.135700 0.019580
0 0.836595 0.011318 0.254179 0.015985
1 0.413803 0.009252 0.463805 0.016926
1 0.788492 0.108022 0.348363 0.015184
4 0.560639 0.055873 0.791911 0.072328
1 0.194053 0.220909 0.303800 0.013988
1 0.255318 0.424306 0.428363 0.025173
1 0.315571 0.578352 0.552921 0.020779
1 0.344939 0.781350 0.589374 0.017583
3 0.507474 0.964168 0.882042 0.058741
2 0.511018 0.855476 0.923563 0.117884
2 0.530258 0.669461 0.858747 0.154245
2 0.501400 0.496633 0.928621 0.113886
2 0.324179 0.309421 0.560011 0.153445
2 0.791024 0.297632 0.343300 0.174625
2 0.319116 0.151378 0.570137 0.105094
2 0.792034 0.161368 0.339247 0.089111
1 0.981337 0.104425 0.037326 0.081518
