0 0.493832 0.003188 0.968319 0.004175
1 0.266580 0.055425 0.361559 0.061007
1 0.522191 0.009693 0.909560 0.006805
1 0.507919 0.169793 0.948347 0.104100
4 0.496103 0.265993 0.953272 0.065972
2 0.504410 0.338860 0.943071 0.060270
2 0.497851 0.413791 0.941610 0.083076
2 0.513153 0.526595 0.966390 0.124613
2 0.508247 0.627961 0.934190 0.063476
2 0.516959 0.692755 0.929836 0.051917
1 0.497903 0.796587 0.961414 0.115999
3 0.503294 0.892114 0.973806 0.060538
1 0.665047 0.960630 0.669906 0.041297
3 0.171341 0.953356 0.277149 0.029096
3 0.508963 0.992776 0.352739 0.008447
3 0.746912 0.061791 0.503029 0.088014
