0 0.271300 0.004560 0.201242 0.004776
0 0.087484 0.017278 0.073884 0.011094
1 0.301658 0.017306 0.319274 0.003790
4 0.723034 0.004486 0.214847 0.005351
1 0.478266 0.940992 0.082889 0.033484
1 0.675213 0.944436 0.061637 0.039896
1 0.898726 0.946217 0.103432 0.044884
3 0.235626 0.893971 0.371221 0.014961
3 0.195245 0.941231 0.290458 0.034434
3 0.872516 0.987421 0.175695 0.009975
3 0.190995 0.987539 0.279126 0.011637
1 0.504868 0.031067 0.137632 0.003830
0 0.822611 0.017242 0.270295 0.010159
0 0.947247 0.004500 0.024042 0.004776
4 0.507811 0.094262 0.604379 0.059141
1 0.505653 0.865834 0.112305 0.010707
3 0.505068 0.787211 0.913126 0.143458
2 0.505605 0.432833 0.911316 0.537650
3 0.943616 0.143956 0.112768 0.017313
